[[ 104  472  629  262  456  256  812  303  376  127  262  243  266  842
   187  333  356  657  472  282  731  752  113  488  119  148  638  425
   319 1124  542  204  142  751  272  257  243  261   99  262  211  241
   269  257   31  297  265  834  724  378  332  500  127  340  331  566
   266  245  718  244  317  252  129  681]
 [2723 2858 1351 2309 1817 2745 4107 1356 1791 4181 1351 2775 1587 2074
   931 1747 2812  812 1086 3292  706 1955 1962 2562 3967 1331 4149 2091
  1763 1527 1639 1888 3386 2861 4249  929 1690 4307 1904 3546 1266 1577
   807 1288 1142 1870 1059 1533 1162 1067  875 1806 2311 1478 2963 1400
  1048 1129 2029 2581 2556 3786 1206 1936]
 [1310  193  377  729  607  370  457  545  403  515  940  165  313  604
   480  547  897   87  233  307  407  733  449  572  224  380  319  451
   563  536 1262  894  318  426  364 1195  649  739  496  476   98  554
  1006  440  309  366 1116  821  635  361  836  168  701  535 1033 1185
  1030  820  655  314  606  494  466  957]
 [ 105   28   80   49   61  110   44   36   47  110   59   79   77   72
    62   18   59   62   24   38   30   46   72   64   40  113   41   38
   181   38   63   29   30   55   67   21   61   19   66  137   37   19
    81   30   59   30   24   56  121   87   44   26   80  147  108   65
    44   49   71   99   60   95   93   16]
 [   5   16    7   19   66   40  103   66   40   82   35   62   19   27
    16   43   29   87   23   40   14   74    9   62   86   94  112   76
    62   20   75   90   34   46   13   75   45   22    8   36   23   31
    27   22   33   70   31   18   24   82   56   62   40   59   37   93
    52   25   43   33   48   27   95   46]
 [ 940  206  291  626  813  455  266  494  832 1074  337  576  338 1048
   535  430  151  457  587  608  212  121   65  991  629  588  846  447
   608  522 1064  454 1457  183  726  594  653  333  899  394  180  504
   725  937  793  254  877  639  355  513  502  943  320 1095  277  562
   778  487  208  303  582  502  485  693]
 [ 191  323  903  703  579  298  634 1041  232  730  528  449  295  407
   552  960  675  136  423  310  520  155   30  790  419  400  905  373
   254  424  841 1005  350  518  143 1093  208  765  223  522  766  652
    72  457  435  515  377  768  161  143  291  225  572   75  838  989
   325  820  390  424  500  364  141  134]
 [ 473  504  237  444  470  339  524  205  273  377  633  476 1148  845
   210  372  738  366  344  250  658  741  644  316  463  703  778  600
   887  477  397  893  665  819  637  363  221  349  226  650  265  542
   464  339  273  790  985  447  257  656  157  403  581  625  955  833
   387  547  417  234  581  302  398  904]
 [ 580  387 1179  519 1243  775  420 1327  756  358  705  522  787  580
   888  407  642  379  924  441 1439  369  228  450  371   80  264  592
   669  580  236  362  691  541  689  700  527  635  393  531  560  488
    76  479  916  476  482  698  352  306  610  404  262  961  125  789
   468  813 1424  468  208   75  621 1014]
 [ 119  918 1088  695  848  592  244  526  541  389  585  521  370  501
   679  577  858  605 1020  563  289  321  434  576  578  290  847  224
   702  551  575  482  284  800  315  344  394  396  913  613  395  195
   317  811  466  566 1594  477  648  341  696  356  257  489  763  496
   536  711  393  566  728  577  634  652]
 [ 623  464  630  487 1091  627  574  373  410  522  376  410  338  590
   512  442  623  540  502  691  404  386  372  190  351  735  415  325
   788  354  584  453  430  415  295 1261  106  679  150  142  737 1110
   749  603  623  893  213  285  794  248  217  189  850  422  378  304
   349  549  759  767  761  949  687  391]
 [ 543  571  377  213  496  578  239  235  607  383  338  428 1073  588
   306  785  615  221  448  373  403  536  377 1136  483  266 1049  225
   324  398  516  615  545  782   94  784  378  214  325  599  218  169
    77  192  261  291  134  460  254  879  292  472  193  632  133  549
   955  714  709  250  506  379  270  508]]